C,85.0,124.0,311.0,380.0,168.0,125.0,1.0,1.0,0.0,0x8a2be2ff
C,284.0,83.0,97.0,113.0,106.0,126.0,1.0,1.0,0.0,0x8a2be2ff
C,85.0,124.0,101.0,292.0,168.0,125.0,1.0,1.0,0.0,0x8a2be2ff
C,284.0,83.0,429.0,382.0,106.0,126.0,1.0,1.0,0.0,0x8a2be2ff
C,85.0,124.0,220.0,324.0,168.0,125.0,1.0,1.0,0.0,0x8a2be2ff
C,284.0,83.0,322.0,69.0,106.0,126.0,1.0,1.0,0.0,0x8a2be2ff
C,591.0,125.0,311.0,192.0,-413.0,329.0,1.0,1.0,0.0,0xe6804dff
R,39.0,51.0,-20.0,392.0,468.0,441.0,1.0,1.0,30.0,0x666666ff
C,85.0,124.0,292.0,367.0,168.0,125.0,1.0,1.0,0.0,0x8a2be2ff
C,284.0,83.0,178.0,166.0,106.0,126.0,1.0,1.0,0.0,0x8a2be2ff
C,85.0,124.0,177.0,198.0,168.0,125.0,1.0,1.0,0.0,0x8a2be2ff
C,284.0,83.0,344.0,359.0,106.0,126.0,1.0,1.0,0.0,0x8a2be2ff
C,85.0,124.0,125.0,385.0,168.0,125.0,1.0,1.0,0.0,0x8a2be2ff
C,284.0,83.0,152.0,416.0,106.0,126.0,1.0,1.0,0.0,0x8a2be2ff
C,591.0,125.0,372.0,329.0,-413.0,329.0,1.0,1.0,0.0,0xe6804dff
R,39.0,51.0,-118.0,180.0,468.0,441.0,3.9479999999999977,3.9479999999999977,45.0,0x666666ff
