1111111 EndCell: 26 12
00000000 StartCell: 61 54
1111111 EndCell: 61 54
00000000 StartCell: 61 37
1111111 EndCell: 61 37
00000000 StartCell: 9 12
1111111 EndCell: 9 12
00000000 StartCell: 53 49
1111111 EndCell: 53 49
00000000 StartCell: 61 21
1111111 EndCell: 61 21
00000000 StartCell: 80 50
1111111 EndCell: 80 50
00000000 StartCell: 77 87
1111111 EndCell: 77 87
00000000 StartCell: 17 7
1111111 EndCell: 17 7
00000000 StartCell: 75 87
1111111 EndCell: 75 87
00000000 StartCell: 66 67
1111111 EndCell: 66 67
00000000 StartCell: 76 49
1111111 EndCell: 76 49
00000000 StartCell: 59 36
1111111 EndCell: 59 36
00000000 StartCell: 75 50
1111111 EndCell: 75 50
00000000 StartCell: 69 49
1111111 EndCell: 69 49
00000000 StartCell: 56 27
1111111 EndCell: 56 27
00000000 StartCell: 62 89
1111111 EndCell: 62 89
00000000 StartCell: 75 89
1111111 EndCell: 75 89
00000000 StartCell: 73 46
1111111 EndCell: 73 46
00000000 StartCell: 60 11
1111111 EndCell: 60 11
00000000 StartCell: 25 38
1111111 EndCell: 25 38
00000000 StartCell: 63 21
1111111 EndCell: 63 21
00000000 StartCell: 58 95
1111111 EndCell: 58 95
00000000 StartCell: 79 60
1111111 EndCell: 79 60
00000000 StartCell: 24 89
1111111 EndCell: 24 89
00000000 StartCell: 78 30
1111111 EndCell: 78 30
00000000 StartCell: 79 45
1111111 EndCell: 79 45
00000000 StartCell: 67 23
1111111 EndCell: 67 23
00000000 StartCell: 17 9
1111111 EndCell: 17 9
00000000 StartCell: 55 29
1111111 EndCell: 55 29
00000000 StartCell: 19 0
1111111 EndCell: 19 0
00000000 StartCell: 56 89
1111111 EndCell: 56 89
00000000 StartCell: 78 44
1111111 EndCell: 78 44
00000000 StartCell: 62 26
1111111 EndCell: 62 26
00000000 StartCell: 57 41
1111111 EndCell: 57 41
00000000 StartCell: 8 19
1111111 EndCell: 8 19
00000000 StartCell: 34 65
1111111 EndCell: 34 65
00000000 StartCell: 81 0
1111111 EndCell: 81 0
00000000 StartCell: 61 44
1111111 EndCell: 61 44
00000000 StartCell: 64 72
1111111 EndCell: 64 72
00000000 StartCell: 55 23
1111111 EndCell: 55 23
00000000 StartCell: 62 28
1111111 EndCell: 62 28
00000000 StartCell: 81 61
1111111 EndCell: 81 61
00000000 StartCell: 24 98
1111111 EndCell: 24 98
00000000 StartCell: 25 19
1111111 EndCell: 25 19
00000000 StartCell: 60 73
1111111 EndCell: 60 73
00000000 StartCell: 23 94
1111111 EndCell: 23 94
00000000 StartCell: 13 65
1111111 EndCell: 13 65
00000000 StartCell: 80 55
1111111 EndCell: 80 55
00000000 StartCell: 13 43
1111111 EndCell: 13 43
00000000 StartCell: 75 15
1111111 EndCell: 75 15
00000000 StartCell: 83 49
1111111 EndCell: 83 49
00000000 StartCell: 23 54
1111111 EndCell: 23 54
00000000 StartCell: 23 66
1111111 EndCell: 23 66
00000000 StartCell: 11 98
1111111 EndCell: 11 98
00000000 StartCell: 62 44
1111111 EndCell: 62 44
00000000 StartCell: 60 19
1111111 EndCell: 60 19
00000000 StartCell: 82 27
1111111 EndCell: 82 27
00000000 StartCell: 27 46
1111111 EndCell: 27 46
00000000 StartCell: 8 7
1111111 EndCell: 8 7
00000000 StartCell: 13 21
1111111 EndCell: 13 21
00000000 StartCell: 24 55
1111111 EndCell: 24 55
00000000 StartCell: 12 57
1111111 EndCell: 12 57
00000000 StartCell: 16 51
1111111 EndCell: 16 51
00000000 StartCell: 6 86
1111111 EndCell: 6 86
00000000 StartCell: 62 13
1111111 EndCell: 62 13
00000000 StartCell: 80 14
1111111 EndCell: 80 14
00000000 StartCell: 24 63
1111111 EndCell: 24 63
00000000 StartCell: 3 7
1111111 EndCell: 3 7
00000000 StartCell: 15 19
1111111 EndCell: 15 19
00000000 StartCell: 28 4
1111111 EndCell: 28 4
00000000 StartCell: 14 59
1111111 EndCell: 14 59
00000000 StartCell: 55 17
1111111 EndCell: 55 17
00000000 StartCell: 7 76
1111111 EndCell: 7 76
00000000 StartCell: 20 52
1111111 EndCell: 20 52
00000000 StartCell: 1 7
1111111 EndCell: 1 7
00000000 StartCell: 62 60
1111111 EndCell: 62 60
00000000 StartCell: 60 42
1111111 EndCell: 60 42
00000000 StartCell: 63 11
1111111 EndCell: 63 11
00000000 StartCell: 79 38
1111111 EndCell: 79 38
00000000 StartCell: 25 97
1111111 EndCell: 25 97
00000000 StartCell: 78 55
1111111 EndCell: 78 55
00000000 StartCell: 59 65
1111111 EndCell: 59 65
00000000 StartCell: 68 27
1111111 EndCell: 68 27
00000000 StartCell: 60 50
1111111 EndCell: 60 50
00000000 StartCell: 62 23
1111111 EndCell: 62 23
00000000 StartCell: 58 39
1111111 EndCell: 58 39
00000000 StartCell: 60 3
1111111 EndCell: 60 3
00000000 StartCell: 62 94
1111111 EndCell: 62 94
00000000 StartCell: 15 21
1111111 EndCell: 15 21
00000000 StartCell: 22 70
1111111 EndCell: 22 70
00000000 StartCell: 63 24
1111111 EndCell: 63 24
00000000 StartCell: 1 11
1111111 EndCell: 1 11
00000000 StartCell: 78 39
1111111 EndCell: 78 39
00000000 StartCell: 17 33
1111111 EndCell: 17 33
00000000 StartCell: 5 3
1111111 EndCell: 5 3
00000000 StartCell: 10 27
1111111 EndCell: 10 27
00000000 StartCell: 28 82
1111111 EndCell: 28 82
00000000 StartCell: 10 70
1111111 EndCell: 10 70
00000000 StartCell: 57 89
1111111 EndCell: 57 89
00000000 StartCell: 67 25
1111111 EndCell: 67 25
00000000 StartCell: 56 9
1111111 EndCell: 56 9
00000000 StartCell: 77 49
1111111 EndCell: 77 49
00000000 StartCell: 24 34
1111111 EndCell: 24 34
00000000 StartCell: 17 83
1111111 EndCell: 17 83
00000000 StartCell: 78 84
1111111 EndCell: 78 84
00000000 StartCell: 59 49
1111111 EndCell: 59 49
00000000 StartCell: 54 81
1111111 EndCell: 54 81
00000000 StartCell: 32 41
1111111 EndCell: 32 41
00000000 StartCell: 61 29
1111111 EndCell: 61 29
00000000 StartCell: 58 76
1111111 EndCell: 58 76
00000000 StartCell: 2 42
1111111 EndCell: 2 42
00000000 StartCell: 61 2
1111111 EndCell: 61 2
00000000 StartCell: 59 20
1111111 EndCell: 59 20
00000000 StartCell: 65 12
1111111 EndCell: 65 12
00000000 StartCell: 78 32
1111111 EndCell: 78 32
00000000 StartCell: 3 30
1111111 EndCell: 3 30
00000000 StartCell: 26 27
1111111 EndCell: 26 27
00000000 StartCell: 29 53
1111111 EndCell: 29 53
00000000 StartCell: 11 29
1111111 EndCell: 11 29
00000000 StartCell: 26 41
1111111 EndCell: 26 41
00000000 StartCell: 19 71
1111111 EndCell: 19 71
00000000 StartCell: 80 87
1111111 EndCell: 80 87
00000000 StartCell: 26 85
1111111 EndCell: 26 85
00000000 StartCell: 8 21
1111111 EndCell: 8 21
00000000 StartCell: 76 59
1111111 EndCell: 76 59
00000000 StartCell: 12 33
1111111 EndCell: 12 33
00000000 StartCell: 63 93
1111111 EndCell: 63 93
00000000 StartCell: 0 88
1111111 EndCell: 0 88
00000000 StartCell: 6 29
1111111 EndCell: 6 29
00000000 StartCell: 28 57
1111111 EndCell: 28 57
00000000 StartCell: 25 98
1111111 EndCell: 25 98
00000000 StartCell: 79 69
1111111 EndCell: 79 69
00000000 StartCell: 63 54
1111111 EndCell: 63 54
00000000 StartCell: 9 69
1111111 EndCell: 9 69
00000000 StartCell: 59 35
1111111 EndCell: 59 35
00000000 StartCell: 76 55
1111111 EndCell: 76 55
00000000 StartCell: 56 4
1111111 EndCell: 56 4
00000000 StartCell: 78 8
1111111 EndCell: 78 8
00000000 StartCell: 29 96
1111111 EndCell: 29 96
00000000 StartCell: 5 74
1111111 EndCell: 5 74
00000000 StartCell: 16 26
1111111 EndCell: 16 26
00000000 StartCell: 3 77
1111111 EndCell: 3 77
00000000 StartCell: 58 5
1111111 EndCell: 58 5
00000000 StartCell: 8 75
1111111 EndCell: 8 75
00000000 StartCell: 75 94
1111111 EndCell: 75 94
00000000 StartCell: 27 97
1111111 EndCell: 27 97
00000000 StartCell: 65 41
1111111 EndCell: 65 41
00000000 StartCell: 25 92
1111111 EndCell: 25 92
00000000 StartCell: 26 69
1111111 EndCell: 26 69
00000000 StartCell: 7 49
1111111 EndCell: 7 49
00000000 StartCell: 62 68
1111111 EndCell: 62 68
00000000 StartCell: 61 50
1111111 EndCell: 61 50
00000000 StartCell: 99 47
1111111 EndCell: 99 47
00000000 StartCell: 78 71
1111111 EndCell: 78 71
00000000 StartCell: 81 70
1111111 EndCell: 81 70
00000000 StartCell: 63 56
1111111 EndCell: 63 56
00000000 StartCell: 14 38
1111111 EndCell: 14 38
00000000 StartCell: 30 1
1111111 EndCell: 30 1
00000000 StartCell: 6 76
1111111 EndCell: 6 76
00000000 StartCell: 59 44
1111111 EndCell: 59 44
00000000 StartCell: 81 63
1111111 EndCell: 81 63
00000000 StartCell: 15 93
1111111 EndCell: 15 93
00000000 StartCell: 2 71
1111111 EndCell: 2 71
00000000 StartCell: 82 52
1111111 EndCell: 82 52
00000000 StartCell: 56 86
1111111 EndCell: 56 86
00000000 StartCell: 23 65
1111111 EndCell: 23 65
00000000 StartCell: 61 48
1111111 EndCell: 61 48
00000000 StartCell: 77 8
1111111 EndCell: 77 8
00000000 StartCell: 78 99
1111111 EndCell: 78 99
00000000 StartCell: 28 25
1111111 EndCell: 28 25
00000000 StartCell: 13 59
1111111 EndCell: 13 59
00000000 StartCell: 7 53
1111111 EndCell: 7 53
00000000 StartCell: 24 56
1111111 EndCell: 24 56
00000000 StartCell: 76 51
1111111 EndCell: 76 51
00000000 StartCell: 10 16
1111111 EndCell: 10 16
00000000 StartCell: 79 18
1111111 EndCell: 79 18
00000000 StartCell: 75 10
1111111 EndCell: 75 10
00000000 StartCell: 19 78
1111111 EndCell: 19 78
00000000 StartCell: 18 82
1111111 EndCell: 18 82
00000000 StartCell: 26 75
1111111 EndCell: 26 75
00000000 StartCell: 56 32
1111111 EndCell: 56 32
00000000 StartCell: 59 67
1111111 EndCell: 59 67
00000000 StartCell: 81 77
1111111 EndCell: 81 77
00000000 StartCell: 79 6
1111111 EndCell: 79 6
00000000 StartCell: 25 55
1111111 EndCell: 25 55
00000000 StartCell: 78 93
1111111 EndCell: 78 93
00000000 StartCell: 62 4
1111111 EndCell: 62 4
00000000 StartCell: 58 79
1111111 EndCell: 58 79
00000000 StartCell: 62 79
1111111 EndCell: 62 79
00000000 StartCell: 24 69
1111111 EndCell: 24 69
00000000 StartCell: 80 34
1111111 EndCell: 80 34
00000000 StartCell: 17 45
1111111 EndCell: 17 45
00000000 StartCell: 77 97
1111111 EndCell: 77 97
00000000 StartCell: 10 95
1111111 EndCell: 10 95
00000000 StartCell: 79 26
1111111 EndCell: 79 26
00000000 StartCell: 75 11
1111111 EndCell: 75 11
00000000 StartCell: 79 57
1111111 EndCell: 79 57
00000000 StartCell: 56 34
1111111 EndCell: 56 34
00000000 StartCell: 57 22
1111111 EndCell: 57 22
00000000 StartCell: 79 58
1111111 EndCell: 79 58
00000000 StartCell: 81 2
1111111 EndCell: 81 2
00000000 StartCell: 60 58
1111111 EndCell: 60 58
00000000 StartCell: 59 64
1111111 EndCell: 59 64
00000000 StartCell: 2 81
1111111 EndCell: 2 81
00000000 StartCell: 27 36
1111111 EndCell: 27 36
00000000 StartCell: 19 53
1111111 EndCell: 19 53
00000000 StartCell: 10 45
1111111 EndCell: 10 45
00000000 StartCell: 77 44
1111111 EndCell: 77 44
00000000 StartCell: 13 70
1111111 EndCell: 13 70
00000000 StartCell: 63 5
1111111 EndCell: 63 5
00000000 StartCell: 55 13
1111111 EndCell: 55 13
00000000 StartCell: 78 34
1111111 EndCell: 78 34
00000000 StartCell: 28 30
1111111 EndCell: 28 30
00000000 StartCell: 64 49
1111111 EndCell: 64 49
00000000 StartCell: 59 80
1111111 EndCell: 59 80
00000000 StartCell: 50 47
1111111 EndCell: 50 47
00000000 StartCell: 25 94
1111111 EndCell: 25 94
00000000 StartCell: 69 28
1111111 EndCell: 69 28
00000000 StartCell: 25 8
1111111 EndCell: 25 8
00000000 StartCell: 4 26
1111111 EndCell: 4 26
00000000 StartCell: 79 34
1111111 EndCell: 79 34
00000000 StartCell: 62 74
1111111 EndCell: 62 74
00000000 StartCell: 60 1
1111111 EndCell: 60 1
00000000 StartCell: 26 7
1111111 EndCell: 26 7
00000000 StartCell: 8 91
1111111 EndCell: 8 91
00000000 StartCell: 27 6
1111111 EndCell: 27 6
00000000 StartCell: 54 56
1111111 EndCell: 54 56
00000000 StartCell: 4 46
1111111 EndCell: 4 46
00000000 StartCell: 5 99
1111111 EndCell: 5 99
00000000 StartCell: 79 20
1111111 EndCell: 79 20
00000000 StartCell: 52 76
1111111 EndCell: 52 76
00000000 StartCell: 80 0
1111111 EndCell: 80 0
00000000 StartCell: 25 70
1111111 EndCell: 25 70
00000000 StartCell: 25 96
1111111 EndCell: 25 96
00000000 StartCell: 32 47
1111111 EndCell: 32 47
00000000 StartCell: 7 87
1111111 EndCell: 7 87
00000000 StartCell: 77 16
1111111 EndCell: 77 16
00000000 StartCell: 3 98
1111111 EndCell: 3 98
00000000 StartCell: 78 33
1111111 EndCell: 78 33
00000000 StartCell: 76 35
1111111 EndCell: 76 35
00000000 StartCell: 80 80
1111111 EndCell: 80 80
00000000 StartCell: 58 32
1111111 EndCell: 58 32
00000000 StartCell: 56 67
1111111 EndCell: 56 67
00000000 StartCell: 9 91
1111111 EndCell: 9 91
00000000 StartCell: 1 79
1111111 EndCell: 1 79
00000000 StartCell: 65 58
1111111 EndCell: 65 58
00000000 StartCell: 61 38
1111111 EndCell: 61 38
00000000 StartCell: 56 95
1111111 EndCell: 56 95
00000000 StartCell: 79 41
1111111 EndCell: 79 41
00000000 StartCell: 80 57
1111111 EndCell: 80 57
00000000 StartCell: 10 33
1111111 EndCell: 10 33
00000000 StartCell: 26 5
1111111 EndCell: 26 5
00000000 StartCell: 60 61
1111111 EndCell: 60 61
00000000 StartCell: 58 62
1111111 EndCell: 58 62
00000000 StartCell: 78 60
1111111 EndCell: 78 60
00000000 StartCell: 76 96
1111111 EndCell: 76 96
00000000 StartCell: 9 93
1111111 EndCell: 9 93
00000000 StartCell: 4 78
1111111 EndCell: 4 78
00000000 StartCell: 12 13
1111111 EndCell: 12 13
00000000 StartCell: 35 26
1111111 EndCell: 35 26
00000000 StartCell: 3 71
1111111 EndCell: 3 71
00000000 StartCell: 6 23
1111111 EndCell: 6 23
00000000 StartCell: 76 72
1111111 EndCell: 76 72
00000000 StartCell: 62 73
1111111 EndCell: 62 73
00000000 StartCell: 6 75
1111111 EndCell: 6 75
00000000 StartCell: 62 37
1111111 EndCell: 62 37
00000000 StartCell: 14 53
1111111 EndCell: 14 53
00000000 StartCell: 79 13
1111111 EndCell: 79 13
00000000 StartCell: 57 78
1111111 EndCell: 57 78
00000000 StartCell: 0 53
1111111 EndCell: 0 53
00000000 StartCell: 26 73
1111111 EndCell: 26 73
00000000 StartCell: 81 80
1111111 EndCell: 81 80
00000000 StartCell: 8 81
1111111 EndCell: 8 81
00000000 StartCell: 14 90
1111111 EndCell: 14 90
00000000 StartCell: 60 50
1111111 EndCell: 60 50
00000000 StartCell: 77 93
1111111 EndCell: 77 93
00000000 StartCell: 58 26
1111111 EndCell: 58 26
00000000 StartCell: 61 84
1111111 EndCell: 61 84
00000000 StartCell: 63 83
1111111 EndCell: 63 83
00000000 StartCell: 10 28
1111111 EndCell: 10 28
00000000 StartCell: 19 7
1111111 EndCell: 19 7
00000000 StartCell: 26 94
1111111 EndCell: 26 94
00000000 StartCell: 82 51
1111111 EndCell: 82 51
00000000 StartCell: 73 34
1111111 EndCell: 73 34
00000000 StartCell: 79 62
1111111 EndCell: 79 62
00000000 StartCell: 54 30
1111111 EndCell: 54 30
00000000 StartCell: 53 4
1111111 EndCell: 53 4
00000000 StartCell: 20 49
1111111 EndCell: 20 49
00000000 StartCell: 56 87
1111111 EndCell: 56 87
00000000 StartCell: 24 54
1111111 EndCell: 24 54
00000000 StartCell: 31 49
1111111 EndCell: 31 49
00000000 StartCell: 74 32
1111111 EndCell: 74 32
00000000 StartCell: 24 96
1111111 EndCell: 24 96
00000000 StartCell: 82 5
1111111 EndCell: 82 5
00000000 StartCell: 61 53
1111111 EndCell: 61 53
00000000 StartCell: 5 72
1111111 EndCell: 5 72
00000000 StartCell: 79 84
1111111 EndCell: 79 84
00000000 StartCell: 78 69
1111111 EndCell: 78 69
00000000 StartCell: 78 90
1111111 EndCell: 78 90
00000000 StartCell: 78 67
1111111 EndCell: 78 67
00000000 StartCell: 9 42
1111111 EndCell: 9 42
00000000 StartCell: 60 30
1111111 EndCell: 60 30
00000000 StartCell: 24 6
1111111 EndCell: 24 6
00000000 StartCell: 4 83
1111111 EndCell: 4 83
00000000 StartCell: 66 20
1111111 EndCell: 66 20
00000000 StartCell: 30 18
1111111 EndCell: 30 18
00000000 StartCell: 58 58
1111111 EndCell: 58 58
00000000 StartCell: 77 90
1111111 EndCell: 77 90
00000000 StartCell: 26 8
1111111 EndCell: 26 8
00000000 StartCell: 27 25
1111111 EndCell: 27 25
00000000 StartCell: 59 74
1111111 EndCell: 59 74
00000000 StartCell: 11 18
1111111 EndCell: 11 18
00000000 StartCell: 64 1
1111111 EndCell: 64 1
00000000 StartCell: 23 55
1111111 EndCell: 23 55
00000000 StartCell: 61 68
1111111 EndCell: 61 68
00000000 StartCell: 54 32
1111111 EndCell: 54 32
00000000 StartCell: 65 22
1111111 EndCell: 65 22
00000000 StartCell: 29 44
1111111 EndCell: 29 44
00000000 StartCell: 14 88
1111111 EndCell: 14 88
00000000 StartCell: 11 10
1111111 EndCell: 11 10
00000000 StartCell: 15 56
1111111 EndCell: 15 56
00000000 StartCell: 4 97
1111111 EndCell: 4 97
00000000 StartCell: 61 85
1111111 EndCell: 61 85
00000000 StartCell: 58 55
1111111 EndCell: 58 55
00000000 StartCell: 77 48
1111111 EndCell: 77 48
00000000 StartCell: 75 37
1111111 EndCell: 75 37
00000000 StartCell: 59 31
1111111 EndCell: 59 31
00000000 StartCell: 78 81
1111111 EndCell: 78 81
00000000 StartCell: 77 95
1111111 EndCell: 77 95
00000000 StartCell: 30 42
1111111 EndCell: 30 42
00000000 StartCell: 2 55
1111111 EndCell: 2 55
00000000 StartCell: 26 42
1111111 EndCell: 26 42
00000000 StartCell: 47 23
1111111 EndCell: 47 23
00000000 StartCell: 11 38
1111111 EndCell: 11 38
00000000 StartCell: 3 22
1111111 EndCell: 3 22
00000000 StartCell: 75 80
1111111 EndCell: 75 80
00000000 StartCell: 78 19
1111111 EndCell: 78 19
00000000 StartCell: 54 71
1111111 EndCell: 54 71
00000000 StartCell: 7 91
1111111 EndCell: 7 91
00000000 StartCell: 82 11
1111111 EndCell: 82 11
00000000 StartCell: 73 45
1111111 EndCell: 73 45
00000000 StartCell: 55 2
1111111 EndCell: 55 2
00000000 StartCell: 61 67
1111111 EndCell: 61 67
00000000 StartCell: 61 31
1111111 EndCell: 61 31
00000000 StartCell: 59 14
1111111 EndCell: 59 14
00000000 StartCell: 84 40
1111111 EndCell: 84 40
00000000 StartCell: 14 39
1111111 EndCell: 14 39
00000000 StartCell: 24 97
1111111 EndCell: 24 97
00000000 StartCell: 66 61
1111111 EndCell: 66 61
00000000 StartCell: 60 68
1111111 EndCell: 60 68
00000000 StartCell: 80 32
1111111 EndCell: 80 32
00000000 StartCell: 15 22
1111111 EndCell: 15 22
00000000 StartCell: 16 6
1111111 EndCell: 16 6
00000000 StartCell: 27 49
1111111 EndCell: 27 49
00000000 StartCell: 55 58
1111111 EndCell: 55 58
00000000 StartCell: 79 25
1111111 EndCell: 79 25
00000000 StartCell: 17 27
1111111 EndCell: 17 27
00000000 StartCell: 81 56
1111111 EndCell: 81 56
00000000 StartCell: 25 66
1111111 EndCell: 25 66
00000000 StartCell: 26 38
1111111 EndCell: 26 38
00000000 StartCell: 56 66
1111111 EndCell: 56 66
00000000 StartCell: 58 56
1111111 EndCell: 58 56
00000000 StartCell: 63 40
1111111 EndCell: 63 40
00000000 StartCell: 78 88
1111111 EndCell: 78 88
00000000 StartCell: 80 8
1111111 EndCell: 80 8
00000000 StartCell: 15 13
1111111 EndCell: 15 13
00000000 StartCell: 4 68
1111111 EndCell: 4 68
00000000 StartCell: 77 68
1111111 EndCell: 77 68
00000000 StartCell: 57 44
1111111 EndCell: 57 44
00000000 StartCell: 80 82
1111111 EndCell: 80 82
00000000 StartCell: 79 56
1111111 EndCell: 79 56
00000000 StartCell: 81 47
1111111 EndCell: 81 47
00000000 StartCell: 25 86
1111111 EndCell: 25 86
00000000 StartCell: 81 13
1111111 EndCell: 81 13
00000000 StartCell: 59 70
1111111 EndCell: 59 70
00000000 StartCell: 36 63
1111111 EndCell: 36 63
00000000 StartCell: 24 83
1111111 EndCell: 24 83
00000000 StartCell: 56 81
1111111 EndCell: 56 81
00000000 StartCell: 78 9
1111111 EndCell: 78 9
00000000 StartCell: 77 61
1111111 EndCell: 77 61
00000000 StartCell: 62 52
1111111 EndCell: 62 52
00000000 StartCell: 32 75
1111111 EndCell: 32 75
00000000 StartCell: 58 18
1111111 EndCell: 58 18
00000000 StartCell: 79 3
1111111 EndCell: 79 3
00000000 StartCell: 78 95
1111111 EndCell: 78 95
00000000 StartCell: 17 86
1111111 EndCell: 17 86
00000000 StartCell: 16 43
1111111 EndCell: 16 43
00000000 StartCell: 14 49
1111111 EndCell: 14 49
00000000 StartCell: 25 31
1111111 EndCell: 25 31
00000000 StartCell: 7 70
1111111 EndCell: 7 70
00000000 StartCell: 28 27
1111111 EndCell: 28 27
00000000 StartCell: 13 84
1111111 EndCell: 13 84
00000000 StartCell: 13 68
1111111 EndCell: 13 68
00000000 StartCell: 13 60
1111111 EndCell: 13 60
00000000 StartCell: 25 40
1111111 EndCell: 25 40
00000000 StartCell: 22 56
1111111 EndCell: 22 56
00000000 StartCell: 58 12
1111111 EndCell: 58 12
00000000 StartCell: 61 36
1111111 EndCell: 61 36
00000000 StartCell: 7 6
1111111 EndCell: 7 6
00000000 StartCell: 80 76
1111111 EndCell: 80 76
00000000 StartCell: 81 34
1111111 EndCell: 81 34
00000000 StartCell: 81 11
1111111 EndCell: 81 11
00000000 StartCell: 57 54
1111111 EndCell: 57 54
00000000 StartCell: 79 71
1111111 EndCell: 79 71
00000000 StartCell: 3 23
1111111 EndCell: 3 23
00000000 StartCell: 11 5
1111111 EndCell: 11 5
00000000 StartCell: 80 53
1111111 EndCell: 80 53
00000000 StartCell: 25 14
1111111 EndCell: 25 14
00000000 StartCell: 21 44
1111111 EndCell: 21 44
00000000 StartCell: 25 69
1111111 EndCell: 25 69
00000000 StartCell: 79 52
1111111 EndCell: 79 52
00000000 StartCell: 15 6
1111111 EndCell: 15 6
00000000 StartCell: 32 98
1111111 EndCell: 32 98
00000000 StartCell: 58 7
1111111 EndCell: 58 7
00000000 StartCell: 61 41
1111111 EndCell: 61 41
00000000 StartCell: 80 75
1111111 EndCell: 80 75
00000000 StartCell: 80 86
1111111 EndCell: 80 86
00000000 StartCell: 55 82
1111111 EndCell: 55 82
00000000 StartCell: 80 69
1111111 EndCell: 80 69
00000000 StartCell: 26 6
1111111 EndCell: 26 6
00000000 StartCell: 55 78
1111111 EndCell: 55 78
00000000 StartCell: 26 40
1111111 EndCell: 26 40
00000000 StartCell: 78 75
1111111 EndCell: 78 75
00000000 StartCell: 79 75
1111111 EndCell: 79 75
00000000 StartCell: 60 60
1111111 EndCell: 60 60
00000000 StartCell: 75 29
1111111 EndCell: 75 29
00000000 StartCell: 59 79
1111111 EndCell: 59 79
00000000 StartCell: 79 14
1111111 EndCell: 79 14
00000000 StartCell: 29 37
1111111 EndCell: 29 37
00000000 StartCell: 55 23
1111111 EndCell: 55 23
00000000 StartCell: 24 77
1111111 EndCell: 24 77
00000000 StartCell: 80 29
1111111 EndCell: 80 29
00000000 StartCell: 76 85
1111111 EndCell: 76 85
00000000 StartCell: 14 95
1111111 EndCell: 14 95
00000000 StartCell: 81 32
1111111 EndCell: 81 32
00000000 StartCell: 60 24
1111111 EndCell: 60 24
00000000 StartCell: 80 84
1111111 EndCell: 80 84
00000000 StartCell: 29 23
1111111 EndCell: 29 23
00000000 StartCell: 13 30
1111111 EndCell: 13 30
00000000 StartCell: 61 3
1111111 EndCell: 61 3
00000000 StartCell: 62 75
1111111 EndCell: 62 75
00000000 StartCell: 25 32
1111111 EndCell: 25 32
00000000 StartCell: 77 9
1111111 EndCell: 77 9
00000000 StartCell: 30 16
1111111 EndCell: 30 16
00000000 StartCell: 20 21
1111111 EndCell: 20 21
00000000 StartCell: 7 1
1111111 EndCell: 7 1
00000000 StartCell: 62 47
1111111 EndCell: 62 47
00000000 StartCell: 76 6
1111111 EndCell: 76 6
00000000 StartCell: 7 40
1111111 EndCell: 7 40
00000000 StartCell: 61 78
1111111 EndCell: 61 78
00000000 StartCell: 55 37
1111111 EndCell: 55 37
00000000 StartCell: 62 8
1111111 EndCell: 62 8
00000000 StartCell: 55 41
1111111 EndCell: 55 41
00000000 StartCell: 25 12
1111111 EndCell: 25 12
00000000 StartCell: 64 58
1111111 EndCell: 64 58
00000000 StartCell: 3 24
1111111 EndCell: 3 24
00000000 StartCell: 54 89
1111111 EndCell: 54 89
00000000 StartCell: 58 2
1111111 EndCell: 58 2
00000000 StartCell: 29 79
1111111 EndCell: 29 79
00000000 StartCell: 13 17
1111111 EndCell: 13 17
00000000 StartCell: 63 69
1111111 EndCell: 63 69
00000000 StartCell: 79 55
1111111 EndCell: 79 55
00000000 StartCell: 61 76
1111111 EndCell: 61 76
00000000 StartCell: 84 46
1111111 EndCell: 84 46
00000000 StartCell: 62 69
1111111 EndCell: 62 69
00000000 StartCell: 31 13
1111111 EndCell: 31 13
00000000 StartCell: 28 24
1111111 EndCell: 28 24
00000000 StartCell: 60 46
1111111 EndCell: 60 46
00000000 StartCell: 79 23
1111111 EndCell: 79 23
00000000 StartCell: 60 21
1111111 EndCell: 60 21
00000000 StartCell: 78 76
1111111 EndCell: 78 76
00000000 StartCell: 81 45
1111111 EndCell: 81 45
00000000 StartCell: 60 99
1111111 EndCell: 60 99
00000000 StartCell: 62 70
1111111 EndCell: 62 70
00000000 StartCell: 55 80
1111111 EndCell: 55 80
00000000 StartCell: 49 20
1111111 EndCell: 49 20
00000000 StartCell: 11 66
1111111 EndCell: 11 66
00000000 StartCell: 58 24
1111111 EndCell: 58 24
00000000 StartCell: 52 33
1111111 EndCell: 52 33
00000000 StartCell: 17 2
1111111 EndCell: 17 2
00000000 StartCell: 81 86
1111111 EndCell: 81 86
00000000 StartCell: 14 15
1111111 EndCell: 14 15
00000000 StartCell: 82 15
1111111 EndCell: 82 15
00000000 StartCell: 54 69
1111111 EndCell: 54 69
00000000 StartCell: 83 14
1111111 EndCell: 83 14
00000000 StartCell: 18 33
1111111 EndCell: 18 33
00000000 StartCell: 79 51
1111111 EndCell: 79 51
00000000 StartCell: 16 20
1111111 EndCell: 16 20
00000000 StartCell: 55 12
1111111 EndCell: 55 12
00000000 StartCell: 64 24
1111111 EndCell: 64 24
00000000 StartCell: 57 22
1111111 EndCell: 57 22
00000000 StartCell: 4 96
1111111 EndCell: 4 96
00000000 StartCell: 4 54
1111111 EndCell: 4 54
00000000 StartCell: 5 92
1111111 EndCell: 5 92
00000000 StartCell: 80 56
1111111 EndCell: 80 56
00000000 StartCell: 10 63
1111111 EndCell: 10 63
00000000 StartCell: 20 33
1111111 EndCell: 20 33
00000000 StartCell: 27 21
1111111 EndCell: 27 21
00000000 StartCell: 77 94
1111111 EndCell: 77 94
00000000 StartCell: 62 50
1111111 EndCell: 62 50
00000000 StartCell: 80 67
1111111 EndCell: 80 67
00000000 StartCell: 81 78
1111111 EndCell: 81 78
00000000 StartCell: 17 93
1111111 EndCell: 17 93
00000000 StartCell: 13 91
1111111 EndCell: 13 91
00000000 StartCell: 60 12
1111111 EndCell: 60 12
00000000 StartCell: 16 61
1111111 EndCell: 16 61
00000000 StartCell: 13 47
1111111 EndCell: 13 47
00000000 StartCell: 78 3
1111111 EndCell: 78 3